2.539237937308221227e+00
2.142505246904045535e+00
2.043912943217349287e+00
1.992189190393310660e+00
1.960037743103542951e+00
1.934894212097437283e+00
1.916901671240911265e+00
1.902458020852815013e+00
1.890228505294640593e+00
1.879688219192857890e+00
1.870536716265661648e+00
1.863021077471536335e+00
1.855810636282118509e+00
1.849018583613227129e+00
1.842768543199281295e+00
1.837477747884758372e+00
1.832513541143708125e+00
1.828187349625817637e+00
1.824442372774224941e+00
1.820939648045782677e+00
1.817425830555588151e+00
1.814161419106234074e+00
1.810735077614791466e+00
1.807402726995366526e+00
1.804859469408844008e+00
1.801680759981025393e+00
1.799526009013683980e+00
1.796785061216141788e+00
1.794946328091459042e+00
1.793120358354428179e+00
1.790743253384375677e+00
1.788911977795206054e+00
1.787315109404536972e+00
1.785524406844016143e+00
1.783678477911171179e+00
1.781881245799661118e+00
1.780258278661380977e+00
1.778204757077101350e+00
1.777349570160932313e+00
1.776101207177709806e+00
1.773926483130940923e+00
1.773365352967744002e+00
1.771363786440626864e+00
1.770743172132407839e+00
1.769621452309199539e+00
1.767414712342510352e+00
1.766743413881692426e+00
1.765553567294877224e+00
1.764348336632507674e+00
1.763249330042223395e+00
