6.639393040331706963e-01
4.458771830147297277e-01
3.603435130200315362e-01
3.021366405195546889e-01
2.651194177598017454e-01
2.398037725180430235e-01
2.196363998999214806e-01
2.027929033496292388e-01
1.886496696553468799e-01
1.746395838770480879e-01
1.624088254656473052e-01
1.518600911722556013e-01
1.429788363016250285e-01
1.355363853377626049e-01
1.287019857670624323e-01
1.227480446227014049e-01
1.172351265259708175e-01
1.122281841939438418e-01
1.082718343808103667e-01
1.039538528938090955e-01
1.002137435648260827e-01
9.620470891701524141e-02
9.303498811570340421e-02
8.944682132383181827e-02
8.636185731367658491e-02
8.372446153473588060e-02
8.109922963801470541e-02
7.865948007085747651e-02
7.591260535393720699e-02
7.314586842013827417e-02
7.108516458170253960e-02
6.867492356544051268e-02
6.644083882609234937e-02
6.457299455218250273e-02
6.256180254710437538e-02
6.101121201587034193e-02
5.902186630014333302e-02
5.739872500824348689e-02
5.607082734198100271e-02
5.478295327619080862e-02
5.321538026619481582e-02
5.162294636656756391e-02
5.047646007016816372e-02
4.907434792345210378e-02
4.804099348142306519e-02
4.669527982152499312e-02
4.559594204543854917e-02
4.414186788642691928e-02
4.340535253712157759e-02
4.185240453438267283e-02
