5.748760941440596017e-01
3.592563209736635566e-01
2.693390534919656853e-01
2.239431169948997713e-01
1.962030678206594658e-01
1.759070055841917835e-01
1.585678606600933460e-01
1.441495308464667002e-01
1.324385031176994187e-01
1.222339998923890891e-01
1.134202724321934502e-01
1.056770148232693690e-01
9.899898071511893660e-02
9.276614026463374241e-02
8.761739541910518181e-02
8.254945698531912512e-02
7.777195118001566099e-02
7.362186432383463486e-02
6.968442550682368841e-02
6.606646222933944268e-02
6.307496416492881786e-02
5.955932442346093675e-02
5.660035097018246281e-02
5.371681670305453876e-02
5.081553340562465493e-02
4.882999899339985489e-02
4.627732004478777444e-02
4.413090839225328188e-02
4.170891122426529513e-02
3.932642747464314831e-02
3.721914254125779919e-02
3.533149832352957403e-02
3.376344633770892584e-02
3.145687926464532658e-02
2.962794413601401236e-02
2.811426149100843680e-02
2.661093258134088549e-02
2.521926783858913571e-02
2.366681933825010714e-02
2.249021469490110683e-02
2.101031891207635546e-02
1.991974711707648893e-02
1.851002811154738373e-02
1.726651811607662901e-02
1.620081813075214053e-02
1.508545866380661161e-02
1.404602791500796782e-02
1.309061991473947119e-02
1.175812475570565258e-02
1.038848256786595141e-02
