2.395716257180603659e+00
2.032058718659381480e+00
1.946020656858126197e+00
1.902670403074061101e+00
1.876563408471604966e+00
1.858214115951966949e+00
1.844416047153447868e+00
1.832276275245968922e+00
1.823063783924992798e+00
1.814464927801272331e+00
1.807917565242094016e+00
1.800735589856134800e+00
1.795388094028827375e+00
1.790212352218132352e+00
1.785646401849376952e+00
1.781957017769158158e+00
1.778075739306477443e+00
1.774895092859530177e+00
1.771967503246677955e+00
1.768695642505386578e+00
1.765873872113937981e+00
1.763165984300353983e+00
1.760481860755784389e+00
1.757861564927382103e+00
1.756238479251638562e+00
1.753750111362219144e+00
1.752219474511065744e+00
1.750490350449709576e+00
1.749091487751660123e+00
1.747498728154755820e+00
1.746195894770541157e+00
1.744802497710750355e+00
1.743323321830275274e+00
1.741393717662867324e+00
1.740886669383402197e+00
1.739544483036809641e+00
1.738267023045952708e+00
1.737229703190355412e+00
1.735600895102245911e+00
1.734159457900814383e+00
1.733217614747678992e+00
1.731927972077165645e+00
1.730615519615190001e+00
1.729170811036340849e+00
1.728378887577015632e+00
1.727073436764629211e+00
1.726156419777298945e+00
1.725266563636033146e+00
1.724870620390232201e+00
1.723557707374504755e+00
