-6.891053493657217643e-01
-9.571346692676567791e-01
-1.056122861043068184e+00
-1.094490711073303313e+00
-1.119322262109674559e+00
-1.135073040736723549e+00
-1.145781039664240497e+00
-1.153742352137694605e+00
-1.159968174837428201e+00
-1.165020035105303720e+00
-1.169357544814250138e+00
-1.172978676428445777e+00
-1.176573695837638045e+00
-1.179939251593597582e+00
-1.183306613151323017e+00
-1.186375420828172045e+00
-1.189013429114139653e+00
-1.191742126372372645e+00
-1.193899892491036452e+00
-1.195859889247659957e+00
-1.197721716733347375e+00
-1.199511890722513519e+00
-1.200983920454175014e+00
-1.202220274507414643e+00
-1.203467219883644912e+00
-1.204500197705752118e+00
-1.205293388847076708e+00
-1.205879694352884002e+00
-1.205907237223946993e+00
-1.204313560659327376e+00
-1.193667912834163625e+00
-1.179662833688881030e+00
-1.166102274473984179e+00
-1.166070003674713806e+00
-1.166481239125674030e+00
-1.166719552681274807e+00
-1.166900985386036149e+00
-1.166236203122937853e+00
-1.168544463161467872e+00
-1.167154955037674524e+00
-1.166817936152893198e+00
-1.168758927192476982e+00
-1.168981728537171305e+00
-1.167896254743672646e+00
-1.169938812878485335e+00
-1.168301045912910840e+00
-1.169239775908168300e+00
-1.171054799041511663e+00
-1.170854269119296687e+00
-1.170915287186082177e+00
