-6.702887755795822189e-01
-9.698651834427319818e-01
-1.068577981398877608e+00
-1.101786809704809134e+00
-1.125065977083349322e+00
-1.141465593170405413e+00
-1.152385608361160774e+00
-1.160242148591952960e+00
-1.166703035207030448e+00
-1.172356880891232134e+00
-1.177378055628930609e+00
-1.181845598278609799e+00
-1.185516078406642970e+00
-1.188999764713973617e+00
-1.191806269069874968e+00
-1.194280867464420748e+00
-1.196393978638956801e+00
-1.198216617235104975e+00
-1.199965446090639487e+00
-1.201611862447411028e+00
-1.203283442445805873e+00
-1.204634870625479026e+00
-1.205936311564891783e+00
-1.207019861006595640e+00
-1.208167513902310031e+00
-1.209209524459221807e+00
-1.210184402006396986e+00
-1.211115161736007195e+00
-1.211990011037104020e+00
nan
nan
nan
nan
nan
nan
nan
nan
nan
nan
nan
nan
nan
nan
nan
nan
nan
nan
nan
nan
nan
