2.420943047925052660e+00
2.043484477393703536e+00
1.960039459083774860e+00
1.907343941283027755e+00
1.877079069645480436e+00
1.858375864101085684e+00
1.845615477621190603e+00
1.834039428187464349e+00
1.823048563013284218e+00
1.814916361866014016e+00
1.807746102766227159e+00
1.801134788460726499e+00
1.794986150046584461e+00
1.789921074817665270e+00
1.785429524587493155e+00
1.781658828808853290e+00
1.778396808996669742e+00
1.774634911913048008e+00
1.772075423083575352e+00
1.769143626862039298e+00
1.766823343924663225e+00
1.764601418191975801e+00
1.761754735931740035e+00
1.760263352356952637e+00
1.758258351556185817e+00
1.756149464735013321e+00
1.754129115485324464e+00
1.752897110025817273e+00
1.751493891477769349e+00
1.750014921321020323e+00
1.748544452335846211e+00
1.747325508830110063e+00
1.746592427563679939e+00
1.744692977921498356e+00
1.743708382891230757e+00
1.742397984461965921e+00
1.741741414260961518e+00
1.741016906039997592e+00
1.739896995497311583e+00
1.738722161303320579e+00
1.737641697387944051e+00
1.737216696084721734e+00
1.735944673506659930e+00
1.735488680047496013e+00
1.734286895490411595e+00
1.733251963978704735e+00
1.731889896820160146e+00
1.730794932012575948e+00
1.729567894341992540e+00
1.728774861791974704e+00
